415730
417921
420105
435545
437762
440002
442279
457799
460051
462316
464594
480068
482350
484612
486855
489106
504625
506833
509049
511303
513563
529055
531317
533533
535806
538069
553538
555751
558018
560299
575701
577972
580250
595706
597950
600202
602449
604688
620229
622491
624703
626956
629179
644584
646825
662292
664574
666834
669087
671357
686794
689020
704455
706670
722157
724409
739938
742190
744438
746714
762202
764456
766703
768940
784399
786622
788894
791127
793392
808902
811140
813423
828902
831173
833424
848825
851091
866569
868799
871062
886519
888787
891032
906551
908815
911052
913284
928724
930986
933258
948776
950992
966537
968788
971039
973273
975506
990935
993185
1008703
1010962
1026435
1028672
1030937
1033214
1048653
1050925
1053198
1055475
1057739
1073270
1075547
1090973
1093198
1108634
1110911
1113169
1115429
1130924
1133184
1135453
1150964
1153238
1155472
1157747
1173204
1175415
1177691
1179983
1195437
1197676
1199934
1215387
1217617
1219908
1235317
1237585
1239864
1242150
1244423
