341
219
430
360
305
356
183
332
61
390
210
431
357
439
275
514
121
512
57
635
204
606
354
595
429
677
298
679
173
701
332
815
427
833
524
816
558
683
680
703
801
640
649
605
505
598
427
520
588
512
743
518
802
394
661
429
507
435
569
351
688
330
531
217
242
263
333
275
428
282
365
357
235
342
128
421
279
436
429
434
344
517
188
517
132
617
276
600
364
675
235
684
246
773
334
755
430
751
523
757
612
775
622
689
491
674
429
592
573
598
722
617
660
515
509
517
580
439
726
424
618
347
491
360
525
276
615
261